10,79
10,1
10,251
10,2
10,3
11,19
11,21
11,23
11,13
11,7
11,9
9,5
8,9
8,14
8,8
8,12
8,15
8,2
8,3
12,2
12,1
12,3
20,2
20,3
19,2
19,1
19,3
18,1
18,3
311,3
311,2
311,1
311,0
309,4
309,3
309,2
309,1
309,0
308,5
308,4
308,3
308,2
308,1
308,0
307,4
307,3
307,2
307,1
307,0
305,5
305,4
305,3
305,2
305,1
305,0
302,5
302,4
302,3
302,2
302,1
302,0
300,3
300,2
300,1
300,0
299,4
299,3
299,2
299,1
299,0
297,5
297,4
297,3
297,2
297,1
297,0
295,4
295,3
295,2
295,1
295,0
294,4
294,3
294,2
294,1
294,0
293,5
293,4
293,3
293,2
293,1
293,0
292,4
292,3
292,2
292,1
292,0
291,5
291,4
291,3
291,2
291,1
291,0
290,6
290,5
290,4
290,3
290,2
290,1
290,0
288,11
288,10
288,9
288,8
288,7
288,6
288,5
288,4
288,3
288,2
288,1
288,0
282,4
282,3
282,2
282,1
282,0
281,5
281,4
281,3
281,2
281,1
281,0
279,5
279,4
279,3
279,2
279,1
279,0
277,5
277,4
277,3
277,2
277,1
277,0
275,5
275,4
275,1
